Test Paper
Admin
4
Mark
Jimmy
Guide
KuayGuide
1
Default
nickname
false
3
FakeUser1
FakeUser2
FakeUser3
5
2.0
0
0
0
27
389
119
392
124
396
133
401
143
406
153
410
164
410
176
411
185
412
194
414
206
415
220
416
231
417
237
417
245
418
251
418
255
418
260
419
262
421
268
422
270
423
273
424
274
425
275
425
277
426
277
428
277
434
274
2.0
0
0
0
32
541
172
544
172
547
172
554
172
563
174
572
175
578
175
581
176
595
176
612
177
627
177
646
178
662
180
670
180
684
185
700
189
716
189
730
190
744
190
761
189
775
186
791
186
802
186
812
188
820
188
825
189
828
190
831
190
831
191
833
192
834
192
835
192
2.0
0
0
0
29
837
215
835
219
830
226
823
231
817
235
814
239
811
242
806
247
803
254
801
256
800
259
799
262
797
265
794
274
790
280
788
284
786
286
784
289
782
291
779
295
777
297
774
299
771
302
767
305
764
308
760
309
758
310
755
311
751
311
2.0
0
0
0
40
634
321
631
325
628
327
627
327
625
330
623
332
621
335
620
339
617
346
615
350
613
357
612
360
610
369
609
378
608
388
607
393
607
402
607
410
608
413
610
416
612
419
614
422
617
424
620
425
622
427
625
428
628
430
632
432
636
435
641
437
648
441
655
443
662
445
669
446
676
447
682
448
689
452
699
453
709
457
718
458
2.0
0
0
0
51
886
459
890
458
893
457
900
457
907
458
914
462
918
464
921
467
923
468
926
469
930
471
934
476
937
479
940
483
942
485
943
488
943
489
943
491
944
494
944
495
945
496
946
497
948
497
952
499
956
500
961
500
966
500
969
500
974
499
978
498
982
497
986
497
991
495
996
494
1000
492
1005
491
1012
489
1019
488
1026
487
1030
487
1036
486
1039
485
1043
484
1050
480
1057
477
1064
472
1069
468
1071
466
1072
464
1074
462
1075
459
