Test Paper
Admin
3
Mark
Jimmy
Guide
1
Default
nickname
false
0
0
2.0
0
0
0
77
256
320
257
320
258
320
259
320
260
319
261
319
262
319
263
319
264
319
265
319
265
318
267
318
268
318
270
318
273
317
276
316
281
315
284
313
287
313
289
313
290
312
293
311
294
311
296
310
299
309
307
307
311
305
320
303
327
301
330
300
332
299
343
296
349
295
356
293
358
292
362
292
365
291
369
290
378
288
387
287
400
284
407
282
417
281
431
278
447
276
451
274
458
273
462
272
467
272
482
270
492
268
513
264
530
261
534
260
540
259
547
257
554
257
565
255
585
251
594
250
608
248
616
247
622
246
626
246
629
245
638
243
650
242
659
240
666
239
681
238
683
238
700
235
707
235
711
235
712
235
714
235
718
234
