Test Paper
Admin
3
Mark
Jimmy
Guide
1
Default
nickname
false
3
FakeUser1
FakeUser2
FakeUser3
3
2.0
0
0
0
64
286
420
287
417
289
416
290
414
292
411
294
409
297
407
299
405
301
402
303
402
304
400
307
397
310
394
317
389
322
385
328
381
334
377
339
374
341
374
346
370
349
369
352
367
353
366
356
364
362
361
365
360
367
358
372
356
378
353
388
348
391
346
395
345
399
343
403
341
406
340
415
336
418
334
426
332
430
330
435
327
438
326
456
318
469
313
496
302
511
296
529
289
547
280
565
273
583
265
612
254
641
242
650
238
669
230
679
225
692
220
700
216
710
211
714
209
724
205
731
201
734
200
736
199
739
197
740
197
