Test Paper
Admin
4
Mark
Jimmy
Guide
KuayGuide
1
Default
nickname
false
3
FakeUser1eiei
FakeUser2eiei
FakeUser3eiei
3
2.0
0
0
0
17
300
210
320
208
340
208
368
205
391
205
410
208
428
211
443
211
460
209
472
207
478
207
483
207
487
207
489
207
491
207
492
207
493
207
2.0
0
0
0
30
501
227
501
231
501
236
501
241
501
247
504
254
510
269
517
289
528
313
537
331
548
343
551
352
552
360
554
364
558
368
558
371
561
372
562
372
562
373
563
374
564
374
565
374
567
374
570
374
576
372
583
369
590
365
597
362
604
358
611
353
2.0
0
0
0
35
648
271
646
270
639
269
635
267
627
264
624
264
618
264
602
264
591
264
580
266
567
271
559
277
552
285
543
292
535
303
519
316
493
331
464
348
441
364
424
378
410
390
404
395
392
399
382
403
378
406
375
408
371
413
368
415
367
417
364
418
361
420
359
421
357
422
355
423
354
424
2.0
0
0
0
34
358
424
376
422
390
421
408
418
437
411
464
411
511
419
557
434
592
450
612
456
628
458
649
464
672
470
692
470
720
466
749
459
767
457
781
456
791
456
800
455
807
455
815
455
822
455
828
456
834
457
837
457
841
457
842
457
845
457
846
457
847
457
849
457
850
457
851
456
2.0
0
0
0
20
842
316
842
329
842
345
843
363
842
383
838
397
834
407
834
411
830
418
829
428
829
436
829
443
830
451
831
458
831
464
831
471
829
476
828
480
826
483
825
484
