Test Paper
Admin
3
Mark
Jimmy
Guide
1Default
nickname
false
0
Mark
Jimmy
Guide
1
2.0
0
0
0
441
514
422
512
422
511
422
510
422
509
422
508
422
507
422
507
421
506
421
504
421
504
420
502
419
500
419
497
417
494
416
491
415
489
413
482
409
477
406
472
404
471
403
468
401
457
394
454
392
452
391
450
390
447
389
442
386
438
384
437
382
435
381
413
366
408
363
402
358
397
355
394
353
390
350
389
348
386
346
385
345
383
343
381
342
378
339
372
333
367
328
364
325
361
322
358
319
354
314
350
309
345
301
343
298
339
292
335
284
332
279
329
273
327
269
325
267
324
263
320
256
318
250
313
238
312
236
311
234
309
229
308
226
305
220
305
217
304
217
302
212
302
209
300
205
299
200
298
198
297
193
296
190
295
187
295
185
294
182
294
180
293
179
293
176
293
173
293
170
293
167
293
166
293
164
293
163
293
161
293
159
293
156
293
154
293
153
294
152
294
151
294
150
295
148
295
147
296
146
296
145
296
144
297
143
298
143
298
142
299
141
300
140
302
137
303
136
305
134
306
133
307
132
308
132
309
131
310
130
311
130
312
129
313
129
314
128
315
128
316
128
317
127
318
127
319
127
319
126
320
126
321
125
322
125
323
125
326
124
327
124
329
124
329
123
330
123
331
122
333
122
335
122
337
121
339
121
340
121
341
121
343
120
344
120
347
119
350
119
353
119
356
118
359
118
361
118
362
118
363
118
364
118
365
118
366
118
367
118
370
118
373
118
377
118
380
118
385
118
387
118
391
118
396
118
398
119
400
120
402
120
403
120
404
120
407
121
409
122
412
122
418
124
420
126
422
126
424
127
425
127
426
127
428
128
429
129
430
129
432
129
436
132
438
133
444
136
449
138
452
140
454
141
459
144
461
145
464
148
468
150
470
151
473
153
475
154
476
155
479
157
486
162
492
167
495
170
502
175
504
177
509
181
510
183
512
185
516
189
519
191
521
194
523
197
525
199
526
199
526
201
527
202
528
203
530
204
530
205
531
205
531
206
532
206
533
206
534
206
534
205
535
205
536
204
536
203
537
203
537
202
538
202
538
201
539
200
541
198
542
197
543
197
543
196
544
195
545
194
546
194
547
192
547
191
549
190
552
187
556
184
559
182
562
180
566
176
571
173
576
171
582
167
587
165
592
163
595
161
598
160
604
158
611
156
613
155
617
153
623
152
632
150
640
147
650
146
659
144
663
143
664
142
672
142
675
141
680
141
687
140
697
140
708
140
713
140
723
140
731
140
732
140
734
140
741
141
743
141
746
141
750
142
753
142
754
143
757
144
758
144
761
146
765
147
768
148
769
150
770
150
772
152
773
153
775
154
776
156
779
157
780
159
781
159
785
164
787
167
790
171
792
173
793
174
794
176
797
181
798
182
799
185
801
188
804
194
805
197
806
199
806
200
806
201
806
202
806
203
807
205
807
208
807
211
807
214
806
217
805
218
804
220
803
221
802
223
801
224
800
226
799
227
797
229
793
233
789
238
787
241
783
245
781
246
781
247
779
250
777
251
775
253
774
255
773
255
772
257
767
263
762
268
755
275
750
281
745
286
741
291
736
295
733
298
728
302
723
308
719
311
716
315
714
317
709
323
704
328
701
334
697
339
695
341
694
343
692
345
690
347
687
351
683
356
678
361
674
366
673
367
671
369
667
372
663
376
660
378
658
380
655
382
651
385
650
386
650
387
648
387
648
388
646
389
645
390
643
391
642
393
639
394
636
397
634
399
633
400
632
401
630
402
630
403
629
403
628
403
628
404
627
404
627
405
625
406
623
408
621
408
620
409
619
409
618
409
617
411
615
411
614
411
614
412
613
412
612
412
609
413
607
414
603
415
600
416
598
416
597
416
596
417
595
417
595
418
594
418
593
418
591
419
588
419
587
419
586
419
585
419
584
420
583
420
582
420
580
421
576
422
573
422
572
423
569
423
567
423
565
424
564
424
563
424
562
424
560
426
559
426
557
427
556
427
553
428
551
430
549
430
548
431
547
431
546
431
545
431
545
432
544
432
