Test Paper
Admin
4
Mark
Jimmy
Guide
KuayGuide
1
Default
nickname
false
3
FakeUser1
FakeUser2
FakeUser3
3
2.0
0
0
0
12
365
214
368
214
375
214
385
214
409
214
442
214
484
214
539
214
582
215
612
217
632
217
642
217
2.0
0
0
0
11
370
292
376
292
394
292
425
294
468
296
537
296
595
296
650
296
687
295
716
295
728
295
2.0
0
0
0
9
435
352
443
354
456
355
483
358
532
360
594
360
663
363
708
363
735
364
2.0
0
0
0
10
410
412
415
412
429
412
451
412
490
412
555
412
607
412
662
412
702
412
722
412
2.0
0
0
0
11
395
471
405
471
422
471
458
471
517
471
592
467
660
467
712
467
762
468
785
468
794
470
2.0
0
0
0
158
452
486
452
483
452
479
452
476
452
468
452
457
452
447
452
444
452
437
452
429
453
422
456
415
459
407
464
403
467
397
470
393
471
386
473
381
474
378
475
376
476
375
476
374
477
373
478
370
478
368
479
367
480
365
482
360
483
356
484
353
486
349
488
343
490
338
491
335
493
332
496
328
497
322
499
315
502
308
505
298
507
291
510
287
513
281
516
277
519
273
522
269
525
266
527
263
529
261
530
260
531
259
532
258
533
257
533
256
535
255
536
254
537
253
540
252
541
251
543
251
545
249
546
248
549
247
552
245
554
244
557
242
560
240
562
239
563
237
565
236
568
235
570
232
575
228
579
226
584
222
588
219
591
216
594
215
596
214
597
214
598
213
598
212
599
212
600
213
601
216
602
218
602
221
603
224
604
224
605
225
605
226
606
228
607
231
608
234
609
238
609
243
609
247
609
251
609
254
609
257
609
259
609
262
609
265
609
268
608
272
607
275
606
278
605
282
604
287
604
289
603
293
602
297
601
304
601
308
600
312
600
316
600
322
601
327
602
334
603
341
604
347
605
354
606
359
606
364
607
369
607
373
607
377
608
380
609
383
610
387
612
394
616
399
619
405
624
411
628
418
635
425
638
431
641
433
642
437
644
441
647
445
650
449
653
452
656
456
658
460
661
465
665
469
669
472
674
476
677
479
677
482
680
486
681
488
682
491
685
493
687
495
689
496
689
497
